E1	124	125	126	151	152	153	154	155	156
E2	119	120	121	122	123	127	129	131	132	148	149	158	159	161	184	185	186	188	189	190	192	193	194	195	197	242
E3	89	90	93	115	116	118	133	136	137	138	139	140	141	142	143	145	162	163	164	182	183	199	201	207	208	209	210	211	212	213	214	215	216	218	220	221	222	223	225	229	240	251	252
E4	53	54	56	58	66	68	69	71	72	73	85	86	87	88	94	95	96	97	98	99	100	102	112	113	114	165	167	168	169	170	171	202	203	204	205	206	217	219	230	231	232	234	235	236	237	238	255	256
E5	47	48	49	50	51	74	77	80	81	82	83	84	103	104	109	110	257	258	259	260	261	263	264	266
E6	39	43	45	46	267	268	269	270	271	272	273	274	275	277	281	282	296	297	298	299	300	301
E7	34	35	36	37	38	286	287	288	289	290	291	293	294	295	302	303	304	305	306	307
E8	30	31	32	308	309	310	311	312	313
E9	12	13	14	15	16	17	18	19	20	21	22	23	25	27	28	29	314	315	316
E10	1	2	3	4	5	6	7	8	9	10	11	317	318	320	321	322	323
