E1	127	128	129	130	131	154	155	157	158	159	160	161	162	194	196
E2	123	124	125	126	132	133	134	135	144	145	152	163	165	166	184	188	189	190	192	193	197	198	199	201	246	248	255
E3	73	74	76	95	98	99	100	101	119	120	121	122	136	139	140	141	142	143	148	149	167	168	169	186	187	203	205	206	210	211	212	213	214	215	216	217	218	219	220	221	222	223	224	225	226	227	229	233	234	235	242	244
E4	61	62	64	66	77	79	80	81	82	92	93	94	102	103	104	105	106	108	109	110	118	171	172	173	174	175	176	207	208	209	236	238	239	240	241	259	261	262
E5	55	56	57	58	59	84	89	90	91	113	263	264	265	267	268	269	270	272	274	275
E6	46	47	48	49	52	53	54	273	276	277	278	279	281	285	286	298	299	300	301	302	303	304	305	306	309
E7	41	43	44	45	290	291	292	293	294	295	297	307	308	310	311	312	313
E8	25	26	38	39	40	314	315	316	317
E9	21	22	23	24	27	28	29	30	31	32	33	34	36	37	318	319	320	321	322
E10	1	2	3	4	5	6	7	8	9	10	11	12	13	14	15	16	17	18	19	20	324	326	327	328	329	330
