E1	151	152	153	154	155	156
E2	119	120	121	122	123	124	125	126	127	129	148	150	158	159	160	184	185	186	188	189	190	192	193	194	195	244
E3	65	93	115	117	118	130	131	134	138	139	140	141	142	144	147	161	162	163	164	180	182	183	197	199	201	208	209	210	211	212	213	214	215	216	221	222	223	225	227	240	242	251	252
E4	56	57	60	61	66	68	69	71	72	73	86	87	89	94	95	96	97	98	111	112	113	114	135	136	137	165	167	168	171	202	203	204	205	206	207	217	218	219	220	229	230	231	232	234	235	236	237	238	255
E5	49	50	51	53	54	74	75	76	79	81	82	83	84	99	100	102	103	104	105	106	107	108	109	110	169	170	256	257	258	259	264	266
E6	40	43	44	45	46	47	48	77	260	261	262	263	265	269	270	271	272	273	274	275	282	283	298	300	301
E7	36	37	38	39	276	278	287	294	295	296	297	299	302	303	304	305	306
E8	31	32	33	34	35	288	289	290	291	292	307	308	309	310	311	312
E9	14	15	16	17	18	19	22	23	28	29	30	313	314	315	316
E10	1	2	3	4	5	6	7	8	9	10	11	12	13	20	21	25	27	317	318	319	320	321	322	323	324	325	326	327	328
