E1	122	146	148	149	152	153	186	187
E2	116	117	118	119	123	124	125	126	127	136	137	138	143	144	155	156	157	158	177	179	180	181	182	183	184	185	190	191	192	193	194	208	241
E3	64	86	87	90	91	92	112	113	114	115	128	129	131	132	133	134	135	140	159	160	196	198	204	205	206	207	209	210	211	212	213	214	215	216	217	218	219	220	222	224	226	227	237	239	248	249
E4	52	53	55	65	67	68	69	70	71	72	82	83	84	85	93	94	95	96	97	99	109	110	111	162	164	165	168	199	200	201	202	203	228	229	231	232	233	234	235	252	253
E5	47	48	49	50	73	74	75	79	80	81	100	101	103	104	166	167	254	255	256	257	258	259	261	263
E6	38	39	40	44	45	46	265	266	267	268	270	271	273	276	277	278	292	293	294	295	296	297	298
E7	34	35	36	37	282	283	284	285	286	287	289	290	299	300	301	302	303	304	305
E8	30	31	32	306	307	308	309
E9	12	13	14	15	17	18	19	20	21	22	23	24	25	27	28	29	310	311	312
E10	1	2	3	4	5	6	7	8	9	10	11	313	314	316	317	318
