E1	119	120	121	144	146	147	148	149	150	151	184	185
E2	116	117	118	122	123	125	126	135	136	141	142	153	154	155	156	175	178	179	180	181	182	183	188	189	190	191	192	206	239
E3	64	86	87	90	91	111	112	113	114	115	127	128	130	131	132	133	134	138	157	158	159	160	177	194	196	202	203	204	205	207	208	209	210	211	212	213	214	215	216	217	218	220	222	224	225	235	237	246	247
E4	51	52	53	57	65	67	68	69	70	71	72	82	83	84	85	93	94	95	96	97	99	101	108	109	110	162	163	165	166	197	198	199	200	201	226	227	229	230	231	232	233	251
E5	47	48	49	50	73	75	77	79	80	81	100	103	104	164	252	253	254	255	256	262	263	264	265	266	269	271	273
E6	38	39	40	43	44	45	46	257	258	259	260	261	274	275	276	277	278	279	281	284	285	286	299	300	301	302	303	304	305	306
E7	34	35	36	37	290	291	292	293	294	295	297	298	307	308	309	310	311	312	313
E8	30	31	32	314	315	316	317
E9	12	13	14	15	17	18	19	20	21	22	23	24	25	27	28	29	318	319	320	321
E10	1	2	3	4	5	6	7	8	9	10	11	322	323	324	325
