E1	123	124	150	151	152	153	154	155	156	189	191
E2	118	119	120	121	122	125	126	127	129	130	147	148	157	158	159	160	183	184	185	187	188	192	193	194	196	241	243
E3	64	89	92	93	94	114	115	116	117	131	134	135	136	137	138	139	140	141	144	162	163	175	179	181	182	198	200	206	207	208	209	211	212	213	214	215	217	218	219	220	221	222	224	226	228	229	238	239	240	251
E4	54	58	60	61	66	68	69	70	71	72	73	74	85	86	87	95	96	97	98	99	100	102	111	112	113	164	166	167	168	169	170	172	201	202	203	204	205	216	230	231	233	234	235	236	237	253	254	255
E5	47	48	49	50	51	53	75	76	77	82	83	84	103	104	105	106	107	109	110	256	257	258	259	261	262	263	265	267
E6	39	40	44	45	46	260	268	269	270	271	272	273	274	275	276	280	281	294	295	296	297	299	300
E7	34	35	36	37	38	285	286	287	288	289	290	292	293	301	302	303	304	305	306	307
E8	30	31	32	33	308	309	310	311
E9	12	13	14	15	16	17	18	19	20	21	22	23	24	25	28	29	312	313	314	315
E10	1	2	3	4	5	6	7	8	9	10	11	316	317	319	320	321	322	323	324	325
