E1	125	126	127	152	153	154	155	156	157	158	190	191	193
E2	119	120	121	122	123	124	128	129	130	131	132	133	150	159	160	161	162	184	185	186	187	189	194	195	196	198	243	245
E3	89	92	93	94	114	115	116	118	134	137	138	139	140	141	142	143	144	146	163	164	165	181	183	200	202	208	209	210	211	212	213	214	215	216	217	219	220	221	222	223	224	226	228	230	231	241	252	253
E4	54	56	60	66	68	69	70	71	72	73	74	85	86	87	95	96	97	98	99	100	102	112	113	166	168	169	171	172	203	204	205	206	207	218	232	233	235	236	237	238	239
E5	47	48	49	50	51	53	75	77	81	82	83	84	103	104	106	107	109	110	170	258	259	260	261	263	264	265	267	269
E6	39	40	43	44	45	46	262	270	271	272	273	274	275	276	277	278	282	283	296	297	298	299	300	301	302
E7	34	35	36	37	38	287	288	289	291	292	294	295	303	304	305	306	307	308	309
E8	30	31	32	290	310	311	312	313
E9	12	13	14	15	17	18	19	20	21	22	23	24	25	28	29	314	315	316	317
E10	1	2	3	4	5	6	7	8	9	10	11	318	319	320	321	322	323	324
