E1	124	125	126	150	151	152	153	154	155	156
E2	119	120	121	122	123	127	129	147	148	157	158	160	183	184	185	187	188	189	191	192	193	194	196	241	243
E3	89	90	115	116	118	131	134	135	137	138	139	140	141	142	144	161	162	163	181	182	198	200	206	207	208	209	210	211	212	213	214	215	217	219	220	221	222	224	226	228	239	250	251
E4	54	56	58	66	68	69	71	72	73	85	86	87	88	94	95	96	97	98	99	102	112	113	114	136	164	166	167	168	169	170	201	202	203	204	205	216	218	229	230	231	233	234	235	236	237	254
E5	48	50	51	53	74	75	77	82	83	84	100	103	104	109	110	256	257	258	259	260	262	263	265
E6	39	40	43	44	45	46	47	266	267	268	269	270	271	272	273	274	276	280	281	295	296	297	298	299	300
E7	34	35	36	37	38	285	286	287	288	289	290	292	293	294	301	302	303	304	305	306
E8	30	31	32	307	308	309	310	311
E9	12	13	14	15	17	18	19	20	21	22	23	27	28	29	312	313	314	315
E10	1	2	3	4	5	6	7	8	9	10	11	25	316	317	318	319	320	321	322
