E1	124	125	126	151	152	153	154	155	191
E2	119	120	121	122	123	127	128	129	130	131	148	157	158	160	183	184	185	187	188	189	192	193	194	241	243
E3	65	89	90	93	94	115	116	117	118	132	133	135	136	137	138	139	140	141	142	144	161	162	163	179	181	182	196	198	200	206	207	208	209	210	211	212	213	214	215	217	218	219	220	221	224	226	239	250	251
E4	54	56	60	66	68	69	70	72	85	86	87	88	95	96	97	98	99	100	102	111	112	113	114	164	166	167	168	169	170	201	202	203	204	205	216	229	230	231	233	234	235	236	237	253	254
E5	48	51	53	71	73	74	75	77	82	83	84	103	104	107	109	110	256	257	258	259	260	263	265	266	267	268	269	270
E6	39	40	43	45	46	47	271	272	273	274	276	280	281	294	295	296	300
E7	34	35	36	37	38	285	286	287	292	293	301	302	303	304	306
E8	30	31	288	308	309	311
E9	12	13	14	15	17	19	20	21	22	23	24	25	28	29	314
E10	4	8	10	11	317	318	319	320
