E1	120	121	144	146	147	150	151	184	185
E2	116	117	118	119	122	123	125	126	127	134	135	136	141	142	152	153	154	155	175	177	178	179	180	181	182	183	188	189	190	239
E3	64	67	86	88	90	91	112	113	114	115	128	130	131	132	133	138	156	157	158	159	192	194	196	203	204	205	206	207	208	209	210	211	212	213	214	215	216	217	218	220	222	224	225	235	237	246	247
E4	52	53	65	68	69	70	71	72	82	83	84	85	93	94	95	96	97	99	109	110	111	160	162	163	166	197	198	199	200	201	202	226	227	229	230	231	232	233	251
E5	47	48	49	50	73	75	79	80	81	100	101	103	104	164	165	252	253	254	256	257	259	260	261	262	263	264	275
E6	38	39	40	44	45	46	265	266	268	269	271	274	276	288	289	290	291	292	293	294	295	296
E7	34	35	36	37	280	281	282	283	284	285	287	297	298	299	300	301	302	303
E8	30	31	32	304	305	306	307
E9	12	13	14	15	17	18	19	20	21	22	23	24	25	27	28	29	308	309	310	311	312
E10	1	2	3	4	5	6	7	8	9	10	11	314	315	316	317	318
