E1	124	125	126	149	150	151	152	153	154
E2	119	120	121	123	127	128	129	130	140	147	156	157	159	182	183	184	186	187	188	190	191	192	193	195
E3	65	89	90	92	93	94	115	116	118	131	132	134	135	136	137	138	139	141	143	161	162	180	181	197	199	205	206	207	208	209	210	211	212	213	214	216	217	218	219	220	222	224	226	237	239	248	249
E4	52	54	58	60	66	68	69	71	72	73	86	87	88	95	96	97	98	102	112	113	114	163	165	166	169	200	201	202	203	204	215	227	228	229	231	232	233	234	235	252
E5	47	48	50	51	53	74	75	77	81	82	83	84	100	103	104	109	110	167	168	254	255	256	257	258	260	261	263	264	265
E6	38	39	40	43	44	45	46	266	267	268	269	270	271	272	274	278	279	292	293	294	296	297	298
E7	34	35	36	37	283	284	285	286	287	288	290	291	301	302	304
E8	30	31	305	306	307	308	309
E9	13	14	15	17	19	20	21	22	23	25	28	29
E10	2	10	11	12	315	317	318	319
