E1	125	151	152	153	154	155	156	157	158
E2	122	123	124	127	128	129	130	131	132	149	159	160	162	180	185	186	187	189	190	191	193	194	195	196	245
E3	70	92	94	96	97	118	119	120	121	133	134	136	137	138	139	140	141	145	163	164	165	183	184	198	200	202	208	209	210	211	213	214	215	216	217	219	220	221	222	223	224	226	230	231	241	242	243	252
E4	59	61	71	73	74	75	76	77	78	89	90	91	98	99	100	101	102	103	105	107	113	114	115	116	117	166	168	169	171	172	173	203	204	205	206	207	218	232	233	235	236	237	238	239	256	257
E5	53	54	55	56	58	79	80	81	85	86	87	88	106	110	170	258	259	260	262	264	265	267	269
E6	45	46	49	50	51	52	261	270	271	272	273	274	275	276	277	278	282	283	296	297	298	299	300	301	302
E7	40	41	42	43	44	287	288	289	290	291	292	294	295	303	305	306	307	308	309	310
E8	36	37	38	311	312	313	314
E9	18	19	20	21	22	23	24	25	26	27	28	29	30	31	32	33	34	35	315	316	317	318
E10	9	10	11	12	13	14	15	16	17	319	320	321	322	323	324	325	326	327
