E1	125	146	147	148	149	150
E2	119	120	121	122	123	126	127	128	129	142	143	145	152	153	155	178	179	180	182	183	184	186	187	188	189	236	238
E3	65	89	90	91	93	114	115	118	130	131	132	134	135	136	139	157	158	159	174	176	177	191	193	195	201	202	203	204	205	206	207	208	209	210	214	215	216	217	219	221	223	234	245	246
E4	54	56	58	66	68	69	70	71	72	73	85	86	87	88	94	95	96	97	98	100	102	112	113	161	162	163	164	165	196	197	198	199	200	211	212	213	224	225	226	228	229	230	231	232	250
E5	48	49	51	53	74	75	81	82	83	84	99	103	104	107	109	110	251	252	253	254	256	257	258	259	260	261	262
E6	39	40	45	46	47	255	263	264	265	266	267	268	269	270	275	276	291	292	294
E7	34	35	36	37	38	271	280	281	285	287	290	295	296	297	298	299	300	301
E8	31	32	282	283	284	302	303	304	305	306
E9	13	14	15	17	18	19	20	21	22	23	28	29	30	307	308	309
E10	1	2	3	4	5	6	7	8	9	10	11	12	25	310	311	312	313	314	315	316	317
