E1	152	153	154	155	156	157	158
E2	119	120	123	124	125	126	127	128	129	130	131	149	151	159	160	185	186	187	189	190	191	193	194	195	196	197	245
E3	90	92	93	115	118	121	132	133	134	136	137	139	140	141	142	143	145	162	163	164	165	183	184	198	200	208	209	210	211	212	213	214	215	216	217	219	221	222	223	224	226	228	241	243	252	253
E4	56	58	66	68	69	70	71	72	73	86	87	88	89	94	96	97	98	112	113	114	138	166	168	202	203	204	205	206	207	218	220	230	231	232	233	235	237	238	239	256
E5	49	50	51	53	54	74	75	82	83	84	85	99	100	102	103	104	106	107	109	110	169	170	171	172	236	257	258	259	260	265	266	268
E6	39	40	43	45	46	47	48	77	261	262	263	264	269	270	271	272	273	274	275	276	283	284	299	302
E7	35	36	37	38	277	279	288	295	296	298	303	305	307	309
E8	31	34	289	290	291	292	311	312
E9	13	14	15	17	19	22	23	28	29	30	314	317
E10	1	2	5	7	8	10	11	12	20	21	24	25	320	321	322	323	324
