E1	129	130	131	155	156	157	158	159	160	196
E2	126	127	128	132	133	134	135	136	153	162	163	165	188	189	190	192	193	194	197	198	199	201	248
E3	74	100	101	122	123	124	125	137	138	140	141	142	143	144	145	147	149	150	166	167	168	186	187	211	212	213	214	215	216	217	219	222	223	224	225	226	227	233	234	244	255	257
E4	63	65	75	77	78	79	80	81	82	93	94	95	96	102	103	104	105	106	109	119	120	121	169	171	172	174	175	207	208	209	210	236	238	239	240	242	259	260
E5	57	58	59	60	62	83	85	89	90	91	92	110	114	173	261	262	263	264	267	269	271
E6	49	50	53	54	55	56	272	273	274	275	276	277	278	279	280	284	285	298	299	300	301
E7	44	45	46	47	48	289	290	291	292	293	296	297	307	308	310	311	312
E8	40	41	313	315
E9	22	23	24	25	27	29	31	32	33	34	35	37	38	39	318
E10	1	2	3	4	5	6	7	8	9	10	12	14	18	20	21	321	323	324	325	326	327	328
