E1	124	125	126	151	152	153	154	155	156	192
E2	119	120	121	122	123	127	128	129	131	149	158	159	161	184	185	186	188	189	190	193	194	195	242	244
E3	89	90	93	115	116	118	132	133	134	136	137	138	139	140	141	142	143	145	162	163	164	182	183	197	207	208	209	210	211	212	213	215	218	220	221	222	223	227	229	240	251	252
E4	54	66	68	69	71	72	73	85	86	87	88	94	95	96	97	98	99	111	112	113	114	165	167	168	169	170	171	203	204	205	206	217	219	230	231	232	234	235	236	237	238	255	256
E5	48	50	51	53	74	75	82	83	84	102	103	104	106	107	109	110	257	258	259	260	262	263	264	266	268	270	271
E6	39	40	43	44	45	46	47	261	269	272	273	274	275	276	277	281	282	295	296	297	298	299	300
E7	34	35	36	37	38	286	287	288	290	293	294	301	302	303	304	305	307
E8	30	31	289	309	310	312
E9	12	13	14	15	17	20	21	22	23	25	28	29	315
E10	1	2	8	10	11	318	319	320	321
